Cores_per_Socket	Count	System_Share(%)	Rmax(GFlops)	Rpeak(GFlops)	Cores
12	151	30,2	146,936,404	222,696,133	8,527,982
8	108	21,6	81,336,491	113,159,951	6,745,927
10	75	15	50,635,353	88,614,978	2,860,744
6	66	13,2	33,094,228	75,254,696	2,858,964
16	50	10	102,745,189	137,270,409	6,820,584
14	20	4	15,372,682	20,380,767	475,868
18	12	2,4	25,780,757	31,578,522	907,468
4	9	1,8	3,804,024	13,908,446	661,880
32	5	1	10,422,200	11,530,310	354,384
20	2	0,4	3,393,270	4,181,760	118,800
68	1	0,2	817,847	1,474,458	32,912
260	1	0,2	93,014,594	125,435,904	10,649,600
