Cores_per_Socket	Count	System_Share(%)	Rmax(GFlops)	Rpeak(GFlops)	Cores
12	159	31,8	172,240,242	264,138,849	9,256,570
8	79	15,8	67,062,396	95,643,277	5,811,690
10	67	13,4	53,505,461	92,923,899	2,971,838
16	56	11,2	109,812,771	150,290,771	7,032,024
6	51	10,2	29,473,263	67,724,178	2,430,904
14	31	6,2	24,773,194	33,944,377	815,944
18	28	5,6	54,071,881	64,902,229	1,879,720
4	9	1,8	3,804,024	13,908,446	661,880
68	6	1,2	38,073,056	71,316,224	1,591,880
32	5	1	10,422,200	11,530,310	354,384
64	4	0,8	7,001,615	11,821,056	284,160
20	4	0,8	8,857,680	11,663,360	252,752
260	1	0,2	93,014,594	125,435,904	10,649,600
