Cores_per_Socket	Count	System_Share(%)	Rmax(GFlops)	Rpeak(GFlops)	Cores
12	135	27	190,821,023	300,437,814	9,677,846
16	105	21	175,012,718	271,602,682	29,816,944
10	53	10,6	54,671,401	98,996,753	2,692,246
14	52	10,4	55,805,075	87,749,397	1,984,884
8	46	9,2	53,227,168	78,725,379	5,278,364
18	40	8	68,180,779	84,923,249	2,321,464
20	23	4,6	32,970,669	48,635,597	903,664
6	21	4,2	19,616,626	41,760,370	1,180,564
68	9	1,8	67,930,829	149,217,886	3,254,056
32	5	1	10,422,200	11,530,310	354,384
64	5	1	12,929,240	23,297,740	560,560
24	3	0,6	8,548,800	14,218,115	250,336
22	2	0,4	1,969,384	2,806,426	79,728
260	1	0,2	93,014,594	125,435,904	10,649,600
