Cores_per_Socket	Count	System_Share(%)	Rmax(GFlops)	Rpeak(GFlops)	Cores
12	158	31,6	190,530,276	293,364,003	9,598,596
10	66	13,2	57,878,459	102,712,937	2,960,994
16	64	12,8	121,102,760	171,065,574	10,494,680
8	56	11,2	58,102,616	82,242,640	5,078,740
14	48	9,6	41,401,017	64,309,361	1,536,464
18	35	7	63,967,126	78,369,796	2,203,936
6	31	6,2	22,936,540	48,809,050	1,577,716
20	16	3,2	22,208,927	31,693,440	647,152
68	7	1,4	45,230,242	84,787,405	1,892,576
64	6	1,2	12,356,006	20,645,324	520,240
32	5	1	10,422,200	11,530,310	354,384
4	5	1	2,271,800	8,510,046	421,880
24	1	0,2	6,227,200	9,957,427	148,176
260	1	0,2	93,014,594	125,435,904	10,649,600
22	1	0,2	1,050,540	1,164,698	33,088
