Cores_per_Socket	Count	System_Share(%)	Rmax(GFlops)	Rpeak(GFlops)	Cores
20	111	22,2	203,716,272	299,315,577	5,749,552
16	100	20	170,083,740	285,671,099	8,477,468
12	67	13,4	178,828,305	291,079,832	9,858,550
18	61	12,2	126,027,022	176,796,471	3,602,172
14	44	8,8	65,889,332	130,079,786	2,366,236
10	29	5,8	45,856,926	84,350,165	2,054,988
8	27	5,4	45,237,468	74,905,521	4,155,728
24	22	4,4	83,895,020	131,010,901	1,714,320
68	11	2,2	101,467,939	192,397,283	4,263,708
64	7	1,4	16,406,620	28,792,934	692,656
22	7	1,4	257,846,384	352,389,804	4,338,104
32	6	1,2	14,747,200	17,664,480	518,224
6	6	1,2	9,496,700	19,130,155	566,100
28	1	0,2	1,529,000	2,005,248	125,328
260	1	0,2	93,014,594	125,435,904	10,649,600
