Cores_per_Socket	Count	System_Share(%)	Rmax(GFlops)	Rpeak(GFlops)	Cores
16	109	21,8	167,676,581	270,106,377	9,568,908
12	105	21	202,000,027	323,987,492	10,884,042
20	69	13,8	127,487,637	183,701,065	3,620,672
18	43	8,6	83,997,092	104,750,192	2,802,792
10	43	8,6	51,245,059	94,968,791	2,492,892
14	41	8,2	51,410,355	85,228,710	1,863,500
8	34	6,8	46,781,736	72,213,114	4,901,860
24	15	3	55,781,560	89,381,831	1,229,744
68	11	2,2	93,474,699	192,235,629	4,229,540
6	11	2,2	13,477,800	26,760,586	776,548
64	8	1,6	17,248,140	30,219,980	726,960
22	5	1	196,897,384	311,144,821	3,954,192
32	5	1	10,422,200	11,530,310	354,384
260	1	0,2	93,014,594	125,435,904	10,649,600
